    1    5    62   138   589  1351  1781
    2    0
    3    7   820   835   914   933  1079  1095  1119
    4    5  1254  1280  1733  1770  1845
    5    3   118   184   255
    6    4   326   368   522   573
    7    5   755   763   819   976  1065
    8   11  1096  1121  1151  1158  1173  1196  1249  1295  1364  1377  1425
    9    8  1501  1579  1706  1720  1755  1773  1799  1833
   10    9     1    19    42    71   105   132   146   156   160
   11    6   230   354   386   411   452   454
   12   15   521   532   548   591   632   647   648   650   651   657   701   705   706   719   789
   13   19   800   802   809   811   891   898   904   908   911   918   921   932   955   962   972   992  1007  1009  1018
   14    6  1156  1184  1213  1269  1292  1296
   15    5  1335  1448  1472  1567  1578
   16    5  1623  1659  1672  1687  1854
   17   13     7    27    49    50    51    52    77    78    84   103   107   115   137
   18   12   195   203   215   226   235   236   240   241   251   317   333   339
   19    4   464   465   466   499
   20   10   659   669   702   711   714   715   742   751   770   801
   21    7   829   832   855   881   952   956   959
   22    4  1046  1060  1069  1128
   23   10  1261  1268  1288  1308  1318  1350  1357  1417  1422  1435
   24   11  1461  1465  1497  1508  1525  1545  1570  1573  1600  1624  1667
   25   12  1674  1683  1688  1698  1704  1709  1710  1725  1776  1794  1812  1819
   26    7    18    25    36    60    86    96   112
   27    8   169   205   220   244   248   249   261   267
   28    9   292   338   343   378   392   418   427   449   453
   29   12   483   503   505   616   622   625   635   653   661   670   671   675
   30   33   682   686   692   696   716   718   724   726   730   733   741   750   758   765   768   777   792   794   797   806   807   812   813   821   822   827   828   830   831   833   834   837   840
   31   27   858   859   862   871   882   886   887   890   893   895   901   907   916   917   920   927   934   935   940   946   953   969   971   973   975   984   985
   32   15  1004  1006  1015  1017  1032  1035  1054  1059  1066  1084  1087  1105  1111  1126  1138
   33   13  1152  1153  1165  1212  1232  1245  1247  1274  1298  1310  1311  1338  1339
   34   10  1347  1369  1411  1429  1440  1454  1462  1476  1477  1512
   35    9  1571  1577  1597  1607  1611  1617  1644  1651  1668
   36    8  1705  1707  1732  1742  1753  1769  1809  1848
   37   13    26    30    33    35    37    40    44    46    63    65    73    87    93
   38   16   117   133   153   162   165   173   176   178   180   189   199   202   204   206   207   212
   39    8   218   253   254   263   270   303   322   341
   40    6   429   437   474   475   518   552
   41    6   564   593   633   698   703   712
   42    8   723   747   752   767   773   810   841   853
   43    5   900   913   928   942   982
   44    9   990  1016  1020  1028  1033  1039  1073  1076  1092
   45    5  1135  1168  1218  1226  1284
   46   10  1287  1293  1316  1344  1352  1375  1381  1383  1427  1432
   47   16  1442  1463  1482  1496  1499  1504  1521  1530  1548  1557  1560  1569  1582  1583  1584  1588
   48    7  1602  1625  1647  1653  1689  1691  1699
   49   18  1724  1727  1739  1740  1745  1747  1751  1756  1758  1785  1787  1792  1804  1810  1825  1843  1847  1852
   50    9     8    20    21    24    34    58    70    80    82
   51    7   102   106   109   114   129   135   147
   52    5   194   256   259   266   305
   53    5   336   413   419   436   473
   54   23   487   489   506   517   523   529   535   539   540   542   544   563   568   579   592   596   606   607   610   613   614   619   620
   55   19   630   637   640   645   654   660   662   672   673   680   683   689   695   699   704   709   717   725   740
   56   10   754   772   781   787   790   798   815   824   836   848
   57   10   902   910   922   923   926   945   949   963   966   970
   58   15   979   993   994   995  1024  1037  1042  1043  1052  1055  1056  1058  1061  1081  1086
   59   24  1093  1094  1101  1103  1104  1109  1125  1129  1130  1139  1140  1143  1144  1146  1147  1155  1159  1161  1162  1180  1183  1186  1191  1221
   60   13  1229  1234  1248  1253  1266  1281  1304  1306  1307  1321  1322  1349  1355
   61   14  1358  1362  1368  1384  1386  1402  1403  1413  1436  1438  1441  1443  1485  1492
   62    8  1511  1513  1514  1529  1555  1605  1610  1621
   63    6  1635  1638  1669  1717  1728  1730
   64   11  1746  1748  1764  1766  1774  1788  1796  1803  1829  1831  1851
   65    9     9    15    16    28    47    53    59    64    74
   66   13    79    85    88    89    91   119   123   125   128   130   140   142   149
   67   13   161   164   168   170   177   179   181   182   191   197   223   242   245
   68   15   262   273   274   298   310   315   324   329   331   340   353   357   361   374   381
   69   10   416   421   423   438   439   440   491   494   507   519
   70    5   537   557   584   603   655
   71    8   691   700   708   727   731   749   753   769
   72   11   778   783   793   799   808   816   839   842   846   851   860
   73    4   869   873   943   957
   74    6   987  1005  1010  1030  1031  1047
   75    7  1064  1077  1078  1100  1132  1167  1172
   76   13  1174  1181  1188  1206  1208  1228  1239  1240  1252  1270  1282  1291  1297
   77    9  1319  1325  1329  1337  1361  1380  1382  1407  1420
   78   11  1446  1451  1452  1466  1470  1498  1503  1524  1536  1539  1540
   79   17  1547  1559  1561  1580  1586  1591  1595  1604  1619  1630  1631  1634  1637  1642  1645  1650  1654
   80   12  1661  1664  1665  1678  1679  1680  1686  1713  1726  1729  1734  1749
   81    9  1759  1760  1768  1778  1789  1830  1832  1836  1842
   82    2    22    55
   83    1   120
   84    7   141   148   158   167   185   214   217
   85    7   232   234   269   276   290   294   306
   86   10   334   358   385   405   420   425   431   433   450   462
   87   12   468   469   477   504   508   520   524   533   549   551   560   572
   88   18   578   581   586   595   597   599   611   612   618   629   639   643   644   649   652   666   668   678
   89    4   721   722   734   739
   90    2   805   845
   91    7   874   883   884   885   892   894   912
   92   12   965   977   981  1002  1008  1014  1021  1025  1036  1040  1048  1049
   93    8  1063  1085  1088  1097  1110  1114  1115  1120
   94   18  1148  1154  1160  1163  1169  1177  1185  1187  1189  1194  1204  1215  1216  1222  1231  1235  1241  1250
   95   11  1277  1283  1285  1300  1302  1303  1315  1343  1346  1353  1356
   96   14  1365  1372  1376  1378  1379  1389  1398  1400  1410  1418  1424  1428  1433  1450
   97    8  1478  1484  1490  1493  1495  1566  1574  1575
   98    3  1636  1648  1666
   99    8  1696  1701  1703  1714  1718  1719  1722  1752
  100    6  1779  1784  1786  1813  1826  1844
  101    6     6    29    31    32    41    54
  102    9    67    69    72    99   111   121   122   124   126
  103    5   131   151   157   159   196
  104   13   216   221   222   224   225   228   231   233   238   252   272   278   280
  105    9   307   321   356   360   362   364   377   380   390
  106    8   415   426   434   446   458   459   471   495
  107   14   509   536   555   559   562   567   570   577   580   594   598   600   604   615
  108    2   628   685
  109    6   713   735   743   766   774   791
  110    6   803   826   843   844   865   868
  111    7   930   931   941   944   947   948   950
  112    5   960   978   989   996  1001
  113    6  1053  1067  1099  1102  1113  1116
  114   11  1133  1137  1142  1149  1164  1171  1175  1178  1195  1201  1217
  115    7  1225  1227  1259  1260  1289  1301  1312
  116   12  1324  1328  1345  1370  1374  1385  1387  1401  1404  1408  1409  1415
  117    8  1421  1431  1457  1460  1467  1479  1481  1515
  118   11  1520  1523  1534  1543  1551  1553  1568  1587  1589  1596  1599
  119    7  1622  1626  1628  1640  1643  1658  1676
  120    9  1692  1695  1716  1721  1735  1763  1765  1771  1777
  121    7  1790  1798  1816  1820  1828  1841  1849
  122    3     3    14    38
  123    3    94   108   113
  124    3   155   163   175
  125    6   190   193   211   229   237   246
  126    6   304   311   327   330   337   350
  127    8   365   367   382   391   410   422   444   447
  128   18   463   470   481   484   485   488   497   510   511   514   516   526   528   531   543   545   546   547
  129   17   553   554   558   571   575   576   582   583   605   608   609   617   621   624   631   636   642
  130    6   665   674   690   694   710   732
  131    7   736   748   761   762   764   775   776
  132   10   804   817   823   825   838   847   857   861   875   878
  133    6   896   905   924   925   929   951
  134    7   954   958   998  1003  1012  1013  1022
  135    5  1045  1062  1068  1071  1089
  136    4  1122  1136  1141  1145
  137   24  1190  1193  1205  1209  1210  1211  1220  1223  1230  1233  1236  1237  1242  1244  1255  1256  1262  1264  1265  1271  1272  1276  1278  1290
  138    8  1320  1326  1330  1334  1336  1340  1348  1366
  139    8  1371  1390  1414  1416  1419  1434  1437  1455
  140   16  1464  1468  1469  1474  1475  1486  1491  1494  1500  1505  1509  1510  1516  1531  1538  1542
  141    8  1558  1562  1565  1572  1598  1618  1627  1639
  142   11  1649  1652  1655  1662  1671  1673  1675  1681  1685  1690  1700
  143    4  1737  1761  1767  1782
  144    7  1795  1800  1802  1817  1821  1827  1837
  145    4    11    13    23    45
  146    5    57    66    83   100   104
  147    2   110   154
  148    6   171   183   187   198   201   209
  149   19   247   268   271   275   277   279   281   282   283   284   285   286   287   288   291   295   296   299   302
  150   14   314   319   320   332   335   342   347   348   371   389   393   395   401   408
  151   11   417   428   443   445   451   455   456   461   479   486   492
  152   10   496   498   513   527   530   541   550   556   569   587
  153    2   602   641
  154    5   677   681   697   744   745
  155    6   760   782   784   786   795   796
  156    4   854   863   864   876
  157    3   903   906   938
  158    7   961   968   974   980   988   991  1000
  159    7  1023  1038  1041  1044  1050  1074  1083
  160    4  1106  1107  1117  1124
  161    9  1170  1179  1192  1198  1200  1207  1214  1224  1238
  162    9  1257  1263  1273  1279  1305  1309  1314  1317  1323
  163    7  1331  1332  1354  1391  1395  1406  1412
  164    4  1456  1458  1480  1488
  165   11  1502  1517  1527  1535  1537  1541  1544  1546  1550  1564  1576
  166    9  1585  1603  1606  1609  1613  1614  1616  1620  1629
  167    5  1657  1660  1670  1693  1694
  168    3  1736  1762  1772
  169    6  1793  1797  1818  1824  1840  1846
  170    7     2     4     5    10    12    17    39
  171    4    61    75    76    92
  172    5    97    98   134   139   145
  173    5   152   166   188   208   210
  174    6   219   227   243   257   260   264
  175   16   293   297   300   301   308   316   325   328   344   345   346   349   351   355   359   363
  176   13   370   387   394   396   397   398   403   412   414   432   435   442   448
  177   10   457   460   478   480   490   493   501   512   515   525
  178    6   534   574   588   590   601   623
  179    5   638   656   667   679   684
  180    3   728   729   737
  181    3   771   780   788
  182    3   866   870   877
  183    2   888   939
  184    4   964   983   997   999
  185    4  1019  1026  1034  1072
  186    5  1075  1080  1112  1127  1131
  187    6  1150  1166  1176  1182  1202  1219
  188    6  1243  1246  1251  1267  1286  1299
  189    6  1313  1333  1342  1359  1360  1363
  190    7  1388  1393  1397  1430  1439  1444  1445
  191    8  1447  1449  1459  1473  1483  1487  1489  1507
  192    7  1528  1533  1563  1590  1592  1593  1594
  193    4  1632  1633  1641  1656
  194    5  1677  1682  1697  1702  1715
  195    5  1731  1750  1757  1775  1780
  196    8  1805  1806  1807  1811  1814  1834  1839  1850
  197    1    43
  198    4    48    56    68    81
  199    6    90    95   101   116   127   136
  200    6   143   144   150   172   174   186
  201    5   192   200   213   239   250
  202    7   258   265   289   309   312   313   318
  203   19   323   352   366   369   372   373   375   376   379   383   384   388   399   400   402   404   406   407   409
  204    7   424   430   441   467   472   476   482
  205    4   500   502   538   561
  206    7   565   566   585   626   627   634   646
  207    8   658   663   664   676   687   688   693   707
  208    6   720   738   746   756   757   759
  209    4   779   785   814   818
  210    8   849   850   852   856   867   872   879   880
  211    8   889   897   899   909   915   919   936   937
  212    2   967   986
  213    5  1011  1027  1029  1051  1057
  214    8  1070  1082  1090  1091  1098  1108  1118  1123
  215    2  1134  1157
  216    5  1197  1199  1203  1258  1275
  217    2  1294  1327
  218    8  1341  1367  1373  1392  1394  1396  1399  1405
  219    4  1423  1426  1453  1471
  220    7  1506  1518  1519  1522  1526  1532  1549
  221    8  1552  1554  1556  1581  1601  1608  1612  1615
  222    2  1646  1663
  223    5  1684  1708  1711  1712  1723
  224    8  1738  1741  1743  1744  1754  1783  1791  1801
  225    7  1808  1815  1822  1823  1835  1838  1853
