 1   24      62    138    255    326    368    522    573    589    755    819
            976   1065   1096   1173   1196   1249   1295   1351   1377   1579
           1773   1781   1799   1833
 2   40     115    118    184    236    255    326    368    522    573    755
            763    819    959    976   1065   1096   1121   1151   1158   1173
           1196   1249   1295   1364   1377   1422   1425   1465   1501   1545
           1579   1674   1688   1706   1720   1755   1773   1781   1799   1833
        
 3   63      78    107    115    118    137    184    195    235    236    317
            368    465    522    702    711    714    751    763    801    819
            829    832    881    952    956    959   1065   1069   1096   1121
           1128   1151   1158   1173   1196   1249   1268   1308   1318   1350
           1357   1364   1377   1422   1425   1435   1465   1497   1501   1508
           1525   1545   1573   1579   1674   1688   1706   1720   1755   1776
           1799   1812   1833
 4   82      27     49     52     77     78    103    107    115    118    137
            184    195    215    226    235    236    240    241    317    333
            464    465    659    669    702    711    714    715    742    751
            763    801    829    832    855    881    952    956    959   1046
           1060   1069   1121   1128   1151   1158   1261   1268   1288   1308
           1318   1350   1357   1364   1417   1422   1425   1435   1465   1497
           1501   1508   1525   1545   1570   1573   1600   1624   1667   1674
           1683   1688   1698   1704   1706   1709   1710   1720   1755   1776
           1812   1819
 5  114       7     27     33     46     49     50     51     52     65     73
             77     78     84    103    107    137    162    178    195    203
            206    215    226    235    240    241    251    317    333    339
            429    464    465    466    475    499    518    593    659    669
            702    711    714    715    742    751    767    770    801    810
            829    832    853    855    881    928    952    956    982    990
           1046   1060   1069   1128   1168   1226   1261   1268   1288   1293
           1308   1318   1350   1352   1357   1381   1417   1432   1435   1442
           1461   1496   1497   1499   1508   1525   1560   1570   1573   1583
           1600   1624   1625   1667   1683   1691   1698   1704   1709   1710
           1724   1725   1727   1745   1758   1776   1787   1794   1812   1819
           1825   1843   1847   1852
 6  133       7     26     27     30     33     35     44     46     49     50
             51     52     65     73     77     84     93    103    117    133
            162    165    173    176    178    189    203    206    215    226
            240    241    251    253    270    303    322    333    339    341
            429    437    464    466    475    499    518    593    633    659
            669    712    715    723    742    747    752    767    770    773
            810    841    853    855    913    928    942    982    990   1016
           1020   1033   1046   1060   1073   1076   1092   1168   1218   1226
           1261   1284   1288   1293   1316   1344   1352   1375   1381   1383
           1417   1432   1442   1461   1463   1496   1499   1504   1521   1530
           1548   1557   1560   1569   1570   1583   1600   1624   1625   1667
           1683   1689   1691   1698   1704   1709   1710   1724   1725   1727
           1739   1745   1751   1756   1758   1787   1792   1794   1819   1825
           1843   1847   1852
 7  162       7      9     26     30     33     35     37     40     44     46
             50     51     63     65     73     74     79     84     87     93
            117    133    153    162    165    173    176    178    180    189
            199    202    203    204    206    207    212    218    251    253
            254    263    270    274    303    322    339    341    357    429
            437    440    466    474    475    499    518    519    552    564
            593    633    698    703    712    723    747    752    767    769
            770    773    810    841    853    900    913    928    942    982
            990   1016   1020   1028   1033   1039   1073   1076   1077   1092
           1135   1168   1218   1226   1228   1252   1284   1287   1293   1297
           1316   1344   1352   1361   1375   1381   1383   1427   1432   1442
           1461   1463   1482   1496   1499   1504   1521   1530   1536   1540
           1548   1557   1560   1569   1582   1583   1584   1588   1602   1619
           1625   1634   1647   1653   1678   1689   1691   1699   1713   1724
           1725   1727   1734   1739   1740   1745   1747   1751   1756   1758
           1785   1787   1792   1794   1804   1810   1825   1830   1842   1843
           1847   1852
 8  175       9     26     28     30     35     37     40     44     47     59
             63     74     79     85     87     88     89     91     93    117
            119    128    133    149    153    165    173    176    179    180
            181    189    197    199    202    204    207    212    218    223
            242    253    254    262    263    270    274    298    303    322
            329    331    340    341    357    361    437    438    440    474
            491    494    507    519    552    564    633    655    691    698
            700    703    712    723    747    752    769    773    778    793
            799    816    841    842    846    860    873    900    913    942
            957   1005   1010   1016   1020   1028   1033   1039   1064   1073
           1076   1077   1092   1132   1135   1172   1174   1208   1218   1228
           1239   1252   1270   1282   1284   1287   1297   1316   1319   1344
           1361   1375   1380   1383   1407   1427   1463   1470   1482   1504
           1521   1530   1536   1540   1548   1557   1569   1582   1584   1588
           1595   1602   1619   1634   1637   1642   1645   1647   1650   1653
           1678   1680   1686   1689   1699   1713   1734   1739   1740   1747
           1749   1751   1756   1760   1768   1778   1785   1789   1792   1804
           1810   1830   1832   1836   1842
 9  197       9     15     16     28     37     40     47     53     59     63
             64     74     79     85     87     88     89     91    119    123
            128    140    149    153    161    164    168    170    177    179
            180    181    182    197    199    202    204    207    212    218
            223    242    245    254    262    263    274    298    310    315
            324    329    331    340    353    357    361    374    416    421
            423    438    439    440    474    491    494    507    519    537
            552    557    564    603    655    691    698    700    703    708
            727    749    753    769    778    783    793    799    808    816
            842    846    851    860    869    873    900    943    957    987
           1005   1010   1028   1030   1031   1039   1064   1077   1078   1100
           1132   1135   1167   1172   1174   1181   1188   1206   1208   1228
           1239   1240   1252   1270   1282   1287   1291   1297   1319   1325
           1329   1337   1361   1380   1382   1407   1420   1427   1446   1451
           1452   1466   1470   1482   1498   1503   1536   1539   1540   1547
           1559   1561   1580   1582   1584   1586   1588   1591   1595   1602
           1604   1619   1631   1634   1637   1642   1645   1647   1650   1653
           1654   1661   1664   1678   1679   1680   1686   1699   1713   1726
           1729   1734   1740   1747   1749   1759   1760   1768   1778   1785
           1789   1804   1810   1830   1832   1836   1842
10  199      15     16     28     29     32     47     53     59     64     67
             85     88     89     91    119    123    125    126    128    130
            131    140    142    149    161    164    168    170    177    179
            181    182    191    197    216    221    223    238    242    245
            262    273    298    310    315    321    324    329    331    340
            353    356    360    361    364    374    381    390    416    421
            423    438    439    491    494    507    509    536    537    557
            567    577    584    603    604    655    691    700    708    727
            731    749    753    778    783    793    799    803    808    816
            826    839    842    844    846    851    860    868    869    873
            931    943    957    987    989   1005   1010   1030   1031   1047
           1064   1078   1099   1100   1132   1149   1164   1167   1172   1174
           1175   1181   1188   1206   1208   1239   1240   1259   1260   1270
           1282   1289   1291   1312   1319   1325   1328   1329   1337   1380
           1382   1387   1404   1407   1415   1420   1446   1451   1452   1460
           1466   1470   1479   1481   1498   1503   1524   1534   1539   1543
           1547   1559   1561   1580   1586   1591   1595   1596   1599   1604
           1626   1628   1630   1631   1637   1642   1645   1650   1654   1658
           1661   1664   1665   1679   1680   1686   1721   1726   1729   1749
           1759   1760   1765   1768   1778   1789   1828   1832   1836
11  205       6     15     16     29     31     32     53     64     67     72
             99    123    124    125    126    130    131    140    142    151
            157    159    161    164    168    170    177    182    191    196
            216    221    238    245    272    273    310    315    321    324
            353    356    360    364    374    377    381    390    416    421
            423    426    434    439    459    495    509    536    537    557
            559    562    567    570    577    580    584    594    600    603
            604    615    628    685    708    727    731    735    749    753
            774    783    803    808    826    839    844    851    868    869
            931    941    943    944    947    948    950    978    987    989
            996   1001   1030   1031   1047   1053   1067   1078   1099   1100
           1102   1113   1116   1133   1137   1149   1164   1167   1171   1175
           1178   1181   1188   1195   1201   1206   1217   1225   1240   1259
           1260   1289   1291   1312   1325   1328   1329   1337   1345   1370
           1374   1382   1385   1387   1404   1408   1409   1415   1420   1446
           1451   1452   1457   1460   1466   1479   1481   1498   1503   1515
           1523   1524   1534   1539   1543   1547   1559   1561   1568   1580
           1586   1587   1589   1591   1596   1599   1604   1622   1626   1628
           1630   1631   1640   1643   1654   1658   1661   1664   1665   1679
           1692   1695   1716   1721   1726   1729   1735   1759   1763   1765
           1790   1798   1828   1841   1849
12  209       6     13     29     31     32     41     54     57     66     67
             69     72     99    104    111    121    122    124    125    126
            130    131    142    151    157    159    171    187    191    196
            198    216    221    222    224    225    228    231    233    238
            252    268    272    273    278    280    307    321    332    356
            360    362    364    377    380    381    390    401    415    426
            428    434    445    446    458    459    471    479    495    509
            530    536    555    556    559    562    567    570    577    580
            584    594    598    600    604    615    628    677    685    713
            731    735    743    766    774    791    803    826    839    843
            844    854    863    865    868    903    930    931    941    944
            947    948    950    960    978    980    989    996   1001   1044
           1047   1053   1067   1099   1102   1113   1116   1133   1137   1142
           1149   1164   1171   1175   1178   1195   1201   1207   1217   1225
           1227   1259   1260   1273   1289   1301   1312   1324   1328   1345
           1370   1374   1385   1387   1395   1401   1404   1408   1409   1412
           1415   1421   1431   1456   1457   1460   1467   1479   1481   1502
           1515   1520   1523   1524   1534   1543   1551   1553   1568   1587
           1589   1596   1599   1613   1622   1626   1628   1630   1640   1643
           1658   1665   1676   1692   1695   1716   1721   1735   1763   1765
           1771   1777   1790   1798   1816   1820   1828   1841   1849
13  226       6     11     13     23     31     41     45     54     57     66
             69     72     83     99    100    104    110    111    121    122
            124    151    157    159    171    183    187    196    198    222
            224    225    228    231    233    252    268    271    272    275
            277    278    279    280    281    283    284    285    286    288
            296    302    307    332    335    342    347    348    362    371
            377    380    389    401    408    415    426    428    434    445
            446    456    458    459    471    479    486    495    530    541
            550    555    556    559    562    570    580    587    594    598
            600    602    615    628    641    677    681    685    713    735
            743    766    774    782    791    795    796    843    854    863
            864    865    903    930    938    941    944    947    948    950
            960    961    974    978    980    988    996   1000   1001   1038
           1041   1044   1050   1053   1067   1074   1083   1102   1106   1113
           1116   1117   1124   1133   1137   1142   1170   1171   1178   1192
           1195   1198   1200   1201   1207   1214   1217   1224   1225   1227
           1238   1257   1273   1301   1324   1332   1345   1370   1374   1385
           1391   1395   1401   1408   1409   1412   1421   1431   1456   1457
           1458   1467   1480   1502   1515   1517   1520   1523   1527   1535
           1537   1544   1546   1551   1553   1564   1568   1576   1585   1587
           1589   1613   1616   1620   1622   1629   1640   1643   1670   1676
           1692   1694   1695   1716   1735   1763   1771   1777   1790   1793
           1798   1816   1820   1841   1846   1849
14  208      11     13     23     41     45     54     57     66     69     83
            100    104    110    111    121    122    154    171    183    187
            198    209    222    224    225    228    231    233    247    252
            268    271    275    277    278    279    280    281    282    283
            284    285    286    287    288    291    295    296    299    302
            307    314    319    320    332    335    342    347    348    362
            371    380    389    401    408    415    417    428    445    446
            451    455    456    458    461    471    479    486    496    498
            513    527    530    541    550    555    556    569    587    598
            602    641    677    681    697    713    743    744    766    782
            786    791    795    796    843    854    863    864    865    876
            903    906    930    938    960    961    968    974    980    988
            991   1000   1023   1038   1041   1044   1050   1074   1083   1106
           1107   1117   1124   1142   1170   1179   1192   1198   1200   1207
           1214   1224   1227   1238   1257   1263   1273   1279   1301   1305
           1314   1317   1323   1324   1331   1332   1354   1391   1395   1401
           1412   1421   1431   1456   1458   1467   1480   1488   1502   1517
           1520   1527   1535   1537   1541   1544   1546   1550   1551   1553
           1564   1576   1585   1603   1606   1609   1613   1614   1616   1620
           1629   1657   1660   1670   1676   1694   1736   1762   1771   1772
           1777   1793   1816   1818   1820   1824   1840   1846
15  210      11     23     43     45     56     68     81     83     90     95
            100    110    127    136    143    154    172    183    200    201
            209    247    250    258    265    271    275    277    279    281
            282    283    284    285    286    287    288    291    295    296
            299    302    309    312    313    314    319    320    335    342
            347    348    371    376    384    389    393    395    400    408
            417    430    443    451    455    456    461    482    486    492
            496    498    500    513    527    541    550    561    565    566
            569    585    587    602    641    646    658    663    681    687
            688    693    697    707    744    745    756    760    779    782
            784    786    795    796    814    818    850    856    864    872
            876    897    899    906    915    919    938    961    968    974
            988    991   1000   1011   1023   1038   1041   1050   1074   1083
           1090   1091   1106   1107   1108   1117   1124   1170   1179   1192
           1197   1198   1199   1200   1214   1224   1238   1257   1263   1279
           1294   1305   1309   1314   1317   1323   1331   1332   1354   1391
           1405   1406   1458   1480   1488   1517   1526   1527   1535   1537
           1541   1544   1546   1549   1550   1554   1556   1564   1576   1585
           1603   1606   1609   1614   1616   1620   1629   1657   1660   1663
           1670   1693   1694   1711   1723   1736   1762   1772   1783   1793
           1797   1801   1815   1818   1823   1824   1835   1840   1846   1853
        
16  193      43     56     68     81     90     95    101    116    127    136
            143    144    150    154    172    174    192    200    201    209
            213    247    250    258    265    282    287    291    295    299
            309    312    313    314    318    319    320    323    352    369
            375    376    379    384    393    395    400    404    409    417
            424    430    443    451    455    461    472    476    482    492
            496    498    500    502    513    527    561    565    566    569
            585    627    646    658    663    664    676    687    688    693
            697    707    720    744    745    756    757    760    779    784
            786    814    818    849    850    856    867    872    876    879
            897    899    906    909    915    919    937    968    986    991
           1011   1023   1027   1057   1070   1090   1091   1107   1108   1118
           1134   1157   1179   1197   1199   1203   1258   1263   1275   1279
           1294   1305   1309   1314   1317   1323   1331   1341   1354   1367
           1373   1392   1394   1396   1399   1405   1406   1423   1453   1471
           1488   1506   1518   1519   1526   1541   1549   1550   1552   1554
           1556   1603   1606   1609   1614   1615   1646   1657   1660   1663
           1684   1693   1711   1723   1736   1741   1743   1762   1772   1783
           1791   1797   1801   1808   1815   1818   1822   1823   1824   1835
           1838   1840   1853
17  205      43     48     56     68     81     90     92     95    101    116
            127    136    143    144    150    172    174    186    192    200
            201    213    239    250    258    265    289    297    308    309
            312    313    318    323    345    352    366    369    372    373
            375    376    379    383    384    388    393    395    397    399
            400    402    404    406    407    409    424    430    441    443
            467    472    476    482    492    500    502    534    538    561
            565    566    585    623    626    627    634    646    656    658
            663    664    676    687    688    693    707    720    738    745
            746    756    757    759    760    779    784    785    814    818
            849    850    852    856    866    867    872    879    880    889
            897    899    909    915    919    936    937    967    986   1011
           1027   1029   1051   1057   1070   1082   1090   1091   1098   1108
           1118   1123   1127   1134   1157   1197   1199   1202   1203   1246
           1251   1258   1275   1294   1309   1313   1327   1341   1367   1373
           1392   1393   1394   1396   1399   1405   1406   1423   1426   1453
           1459   1471   1487   1489   1506   1518   1519   1522   1526   1532
           1549   1552   1554   1556   1581   1601   1608   1612   1615   1646
           1663   1684   1693   1708   1711   1712   1723   1738   1741   1743
           1744   1754   1757   1783   1791   1797   1801   1808   1815   1822
           1823   1835   1838   1850   1853
18  199       2      5     12     17     48     75     92    101    116    144
            150    166    174    186    188    192    208    210    213    219
            239    257    264    289    293    297    308    316    318    323
            328    344    345    346    352    355    359    366    369    370
            372    373    375    379    383    387    388    394    396    397
            398    399    402    403    404    406    407    409    414    424
            435    441    457    467    472    476    478    493    501    502
            525    534    538    590    623    626    627    634    656    664
            676    679    720    729    737    738    746    757    759    785
            849    852    866    867    879    880    888    889    909    936
            937    964    967    983    986    999   1026   1027   1029   1034
           1051   1057   1070   1075   1082   1098   1112   1118   1123   1127
           1131   1134   1150   1157   1202   1203   1246   1251   1258   1267
           1275   1313   1327   1341   1342   1360   1367   1373   1388   1392
           1393   1394   1396   1397   1399   1423   1426   1430   1445   1447
           1449   1453   1459   1471   1473   1483   1487   1489   1506   1507
           1518   1519   1522   1532   1533   1552   1581   1601   1608   1612
           1615   1632   1633   1641   1646   1677   1682   1684   1697   1708
           1712   1731   1738   1741   1743   1744   1754   1757   1780   1791
           1805   1806   1807   1808   1811   1814   1822   1838   1850
19  203       2      4      5     12     17     39     48     61     75     76
             92     97     98    134    145    152    166    186    188    208
            210    219    227    239    243    257    260    264    289    293
            297    300    301    308    316    325    328    344    345    346
            349    351    355    359    363    366    370    372    373    383
            387    388    394    396    397    398    399    402    403    406
            407    412    414    432    435    441    442    448    457    460
            467    478    480    490    493    501    512    515    525    534
            538    574    590    601    623    626    634    638    656    667
            679    684    728    729    737    738    746    759    771    780
            785    788    852    866    870    877    880    888    889    936
            939    964    967    983    997    999   1019   1026   1029   1034
           1051   1072   1075   1080   1082   1098   1112   1123   1127   1131
           1150   1166   1176   1182   1202   1219   1243   1246   1251   1267
           1286   1299   1313   1327   1333   1342   1360   1363   1388   1393
           1397   1426   1430   1439   1444   1445   1447   1449   1459   1473
           1483   1487   1489   1507   1522   1528   1532   1533   1581   1590
           1592   1593   1594   1601   1608   1612   1632   1633   1641   1656
           1677   1682   1697   1702   1708   1712   1715   1731   1738   1744
           1750   1754   1757   1775   1780   1805   1806   1807   1811   1814
           1834   1839   1850
20  210       2      3      4      5     10     12     14     17     38     39
             61     75     76     94     97     98    134    139    145    152
            155    166    188    208    210    219    227    243    257    260
            264    293    300    301    304    311    316    325    328    344
            346    349    350    351    355    359    363    370    387    391
            394    396    398    403    412    414    432    435    442    447
            448    457    460    463    470    478    480    485    488    490
            493    497    501    512    515    516    525    528    558    574
            588    590    601    609    624    636    638    642    667    674
            679    684    728    729    737    771    776    780    788    804
            825    838    847    870    875    877    878    888    896    929
            939    951    954    964    983    997    999   1003   1012   1019
           1022   1026   1034   1045   1068   1072   1075   1080   1112   1122
           1131   1141   1145   1150   1166   1176   1182   1193   1211   1219
           1233   1242   1243   1265   1267   1276   1286   1290   1299   1320
           1333   1342   1359   1360   1363   1388   1397   1430   1439   1444
           1445   1447   1449   1473   1483   1505   1507   1509   1510   1528
           1533   1538   1542   1563   1590   1592   1593   1594   1598   1618
           1632   1633   1641   1649   1652   1656   1671   1677   1681   1682
           1685   1690   1697   1700   1702   1715   1731   1750   1767   1775
           1780   1782   1805   1806   1807   1811   1814   1834   1837   1839
        
21  220       3      4     10     14     38     39     61     76     94     97
             98    108    113    134    139    145    152    155    163    175
            190    193    211    227    229    237    243    246    260    300
            301    304    311    325    327    337    349    350    351    363
            365    367    382    391    410    412    422    432    442    447
            448    460    463    470    480    481    484    485    488    490
            497    510    511    512    514    515    516    526    528    547
            553    554    558    571    574    575    576    588    601    608
            609    617    621    624    631    636    638    642    665    667
            674    684    728    736    748    761    762    771    776    780
            788    804    817    825    838    847    861    870    875    877
            878    896    924    925    929    939    951    954    958    997
            998   1003   1012   1013   1019   1022   1045   1068   1072   1080
           1122   1141   1145   1166   1176   1182   1190   1193   1209   1211
           1219   1223   1233   1236   1237   1242   1243   1255   1262   1264
           1265   1276   1278   1286   1290   1299   1320   1330   1333   1334
           1336   1340   1348   1359   1363   1366   1390   1414   1416   1434
           1439   1444   1464   1468   1474   1475   1486   1494   1505   1509
           1510   1516   1528   1531   1538   1542   1563   1590   1592   1593
           1594   1598   1618   1649   1652   1656   1662   1671   1673   1675
           1681   1685   1690   1700   1702   1715   1737   1750   1767   1775
           1782   1795   1800   1802   1817   1821   1827   1834   1837   1839
        
22  230       3     10     14     38     55     94    108    113    120    139
            141    155    163    175    185    190    193    211    229    237
            246    290    304    311    327    330    337    350    365    367
            382    391    410    422    444    447    463    470    481    484
            485    488    497    510    511    514    516    520    524    526
            528    531    543    545    546    547    553    554    558    560
            571    575    576    578    582    583    588    595    597    605
            608    609    617    621    624    631    636    642    665    666
            674    690    694    710    732    734    736    748    761    762
            764    775    776    804    817    823    825    838    847    857
            861    875    878    883    896    905    924    925    929    951
            954    958    998   1003   1012   1013   1022   1045   1062   1068
           1071   1089   1097   1120   1122   1136   1141   1145   1177   1185
           1187   1190   1193   1205   1209   1210   1211   1215   1220   1223
           1230   1233   1236   1237   1241   1242   1244   1250   1255   1256
           1262   1264   1265   1271   1272   1276   1278   1283   1290   1320
           1326   1330   1334   1336   1340   1343   1348   1359   1366   1371
           1390   1398   1410   1414   1416   1419   1424   1434   1437   1455
           1464   1468   1469   1474   1475   1484   1486   1491   1494   1500
           1505   1509   1510   1516   1531   1538   1542   1558   1562   1563
           1565   1572   1598   1618   1627   1639   1649   1652   1655   1662
           1671   1673   1675   1681   1685   1690   1700   1737   1761   1767
           1782   1786   1795   1800   1802   1817   1821   1827   1837   1844
        
23  215      22     55    108    113    120    141    158    163    175    185
            190    193    211    229    237    246    269    276    290    294
            327    330    337    358    365    367    382    405    410    422
            425    444    468    469    477    481    484    504    508    510
            511    514    520    524    526    531    543    545    546    547
            553    554    560    571    572    575    576    578    581    582
            583    595    597    605    608    611    617    618    621    631
            652    665    666    678    690    694    710    732    734    736
            748    761    762    764    775    805    817    823    857    861
            883    884    885    892    894    905    912    924    925    958
            977    998   1008   1013   1036   1040   1048   1049   1062   1071
           1089   1097   1120   1136   1148   1154   1177   1185   1187   1189
           1190   1194   1204   1205   1209   1210   1215   1216   1220   1223
           1230   1236   1237   1241   1244   1250   1255   1256   1262   1264
           1271   1272   1277   1278   1283   1300   1315   1326   1330   1334
           1336   1340   1343   1348   1366   1371   1376   1389   1390   1398
           1400   1410   1414   1416   1419   1424   1433   1434   1437   1455
           1464   1468   1469   1474   1475   1484   1486   1491   1494   1500
           1516   1531   1558   1562   1565   1572   1575   1627   1636   1639
           1648   1655   1662   1666   1673   1675   1696   1701   1718   1719
           1722   1737   1752   1761   1779   1784   1786   1795   1800   1802
           1813   1817   1821   1827   1844
24  198      22     55    120    141    148    158    185    217    232    234
            269    276    290    294    306    330    334    358    385    405
            420    425    431    433    444    450    462    468    469    477
            504    508    520    524    531    533    543    545    546    549
            551    560    572    578    581    582    583    586    595    597
            599    605    611    612    618    639    643    644    649    652
            666    668    678    690    694    710    721    722    732    734
            739    764    775    805    823    845    857    874    883    884
            885    892    894    905    912    965    977   1002   1008   1014
           1021   1025   1036   1040   1048   1049   1062   1063   1071   1085
           1088   1089   1097   1110   1114   1115   1120   1136   1148   1154
           1160   1163   1169   1177   1185   1187   1189   1194   1204   1205
           1210   1215   1216   1220   1222   1230   1231   1235   1241   1244
           1250   1256   1271   1272   1277   1283   1285   1300   1302   1303
           1315   1326   1343   1346   1353   1356   1365   1371   1376   1378
           1389   1398   1400   1410   1418   1419   1424   1428   1433   1437
           1450   1455   1469   1478   1484   1490   1491   1493   1495   1500
           1558   1562   1565   1566   1572   1574   1575   1627   1636   1639
           1648   1655   1666   1696   1701   1703   1714   1718   1719   1722
           1752   1761   1779   1784   1786   1813   1826   1844
25  200      20     21     22     80    114    147    148    158    167    194
            214    217    232    234    256    259    269    276    294    305
            306    334    358    385    405    420    425    431    433    436
            450    462    468    469    477    487    504    508    533    542
            549    551    568    572    581    586    596    599    610    611
            612    618    629    639    640    643    644    645    649    652
            662    668    678    680    699    709    717    721    722    725
            739    740    790    798    805    845    848    874    884    885
            892    894    902    912    965    977    981   1002   1008   1014
           1021   1025   1036   1040   1042   1043   1048   1049   1055   1056
           1061   1063   1085   1088   1103   1110   1114   1115   1125   1129
           1130   1140   1147   1148   1154   1159   1160   1162   1163   1169
           1180   1183   1186   1189   1191   1194   1204   1216   1221   1222
           1231   1235   1277   1281   1285   1300   1302   1303   1304   1306
           1307   1315   1321   1322   1346   1353   1356   1358   1365   1372
           1376   1378   1379   1384   1386   1389   1400   1403   1418   1428
           1433   1443   1450   1478   1485   1490   1492   1493   1495   1511
           1513   1514   1555   1566   1574   1575   1605   1636   1648   1666
           1669   1696   1701   1703   1714   1718   1719   1722   1728   1730
           1746   1748   1752   1766   1779   1784   1796   1813   1826   1829
        
26  220       8     20     21     24     34     58     70     80     82    102
            109    114    135    147    148    167    194    214    217    232
            234    256    259    305    306    334    336    385    420    431
            433    436    450    462    487    489    517    529    533    535
            539    540    542    544    549    551    568    586    592    596
            599    606    607    610    612    613    614    619    620    629
            630    637    639    640    643    644    645    649    654    660
            662    668    672    673    680    683    689    699    704    709
            717    721    722    725    739    740    754    772    781    790
            798    815    824    836    845    848    874    902    910    963
            965    966    970    979    981    993    994    995   1002   1014
           1021   1025   1042   1043   1052   1055   1056   1058   1061   1063
           1081   1085   1086   1088   1093   1094   1103   1104   1109   1110
           1114   1115   1125   1129   1130   1139   1140   1143   1144   1147
           1155   1159   1160   1161   1162   1163   1169   1180   1183   1186
           1191   1221   1222   1229   1231   1234   1235   1266   1281   1285
           1302   1303   1304   1306   1307   1321   1322   1346   1349   1353
           1355   1356   1358   1362   1365   1372   1378   1379   1384   1386
           1403   1413   1418   1428   1436   1438   1441   1443   1450   1478
           1485   1490   1492   1493   1495   1511   1513   1514   1529   1555
           1566   1574   1605   1610   1635   1669   1703   1714   1717   1728
           1730   1746   1748   1764   1766   1796   1803   1826   1829   1831
        
27  209       8     20     21     24     34     58     70     80     82     96
            102    106    109    114    129    135    147    167    194    214
            256    259    266    305    336    413    419    436    453    473
            483    487    489    505    506    517    523    529    535    539
            540    542    544    563    568    579    592    596    606    607
            610    613    614    616    619    620    629    630    637    640
            645    654    660    662    670    672    673    675    680    682
            683    689    695    699    704    709    717    725    740    754
            772    777    781    787    790    798    812    815    824    836
            848    871    886    902    910    922    923    926    945    949
            963    966    970    979    981    993    994    995   1024   1032
           1035   1037   1042   1043   1052   1055   1056   1058   1061   1066
           1081   1086   1093   1094   1101   1103   1104   1109   1125   1129
           1130   1139   1140   1143   1144   1146   1147   1155   1159   1161
           1162   1180   1183   1186   1191   1221   1229   1234   1245   1248
           1253   1266   1281   1304   1306   1307   1311   1321   1322   1349
           1355   1358   1362   1368   1372   1379   1384   1386   1402   1403
           1413   1436   1438   1441   1443   1476   1485   1492   1511   1512
           1513   1514   1529   1555   1577   1605   1610   1621   1635   1638
           1651   1668   1669   1705   1717   1728   1730   1746   1748   1764
           1766   1769   1774   1788   1796   1803   1829   1831   1851
28  185       8     24     34     36     58     60     70     82     86     96
            102    106    109    129    135    266    267    292    336    338
            378    413    418    419    453    473    483    489    505    506
            517    523    529    535    539    540    544    563    579    592
            606    607    613    614    616    619    620    630    637    653
            654    660    661    670    671    672    673    675    682    683
            686    689    695    696    704    716    724    726    733    741
            750    754    772    777    781    787    794    797    806    807
            812    815    821    822    824    827    828    836    840    859
            871    882    886    910    922    923    926    927    935    945
            949    953    963    966    969    970    973    975    979    984
            985    993    994    995   1004   1006   1024   1032   1035   1037
           1052   1058   1066   1081   1084   1086   1087   1093   1094   1101
           1104   1109   1139   1143   1144   1146   1152   1155   1161   1165
           1229   1232   1234   1245   1248   1253   1266   1298   1310   1311
           1338   1339   1349   1355   1362   1368   1402   1413   1436   1438
           1441   1476   1512   1529   1571   1577   1597   1610   1621   1635
           1638   1644   1651   1668   1705   1707   1717   1764   1769   1774
           1788   1803   1809   1831   1851
29  180      18     25     36     60     86     96    106    112    129    169
            205    220    244    248    249    261    266    267    292    338
            343    378    392    413    418    419    427    449    453    473
            483    503    505    506    523    563    579    616    622    625
            635    653    661    670    671    675    682    686    692    695
            696    716    718    724    726    730    733    741    750    758
            765    777    787    792    794    797    806    807    812    813
            821    822    827    828    830    831    833    834    837    840
            858    859    862    871    882    886    887    890    893    895
            901    907    916    917    920    922    923    926    927    934
            935    940    945    946    949    953    969    971    973    975
            984    985   1004   1006   1015   1017   1024   1032   1035   1037
           1054   1059   1066   1084   1087   1101   1105   1111   1126   1138
           1146   1152   1153   1165   1212   1232   1245   1247   1248   1253
           1274   1298   1310   1311   1338   1339   1347   1368   1369   1402
           1411   1429   1440   1454   1462   1476   1477   1512   1571   1577
           1597   1607   1611   1617   1621   1638   1644   1651   1668   1705
           1707   1732   1742   1753   1769   1774   1788   1809   1848   1851
        
30  162      18     25     36     60     71     86    105    112    132    146
            156    169    205    220    244    248    249    261    267    292
            338    343    354    378    392    411    418    427    449    454
            503    521    548    622    625    632    635    647    653    657
            661    671    686    692    696    701    716    718    719    724
            726    730    733    741    750    758    765    768    792    794
            797    800    806    807    813    821    822    827    828    830
            831    833    834    837    840    858    859    862    882    887
            890    891    893    895    898    901    904    907    911    916
            917    920    927    932    934    935    940    946    953    962
            969    971    972    973    975    984    985   1004   1006   1007
           1009   1015   1017   1054   1059   1084   1087   1105   1111   1126
           1138   1152   1153   1156   1165   1184   1212   1213   1232   1247
           1274   1296   1298   1310   1335   1338   1339   1347   1369   1411
           1429   1440   1454   1462   1472   1477   1571   1578   1597   1607
           1611   1617   1623   1644   1672   1707   1732   1742   1753   1809
           1848   1854
31  128      18     25     42     71    105    112    132    146    156    169
            205    220    230    244    248    249    261    343    354    392
            411    427    449    452    454    503    521    532    548    591
            622    625    632    635    647    650    657    692    701    705
            706    718    719    730    758    765    768    789    792    800
            802    809    811    813    830    831    833    834    837    858
            862    887    890    891    893    895    898    901    904    907
            908    911    916    917    920    932    934    940    946    955
            962    971    972    992   1007   1009   1015   1017   1018   1054
           1059   1105   1111   1126   1138   1153   1156   1184   1212   1213
           1247   1269   1274   1296   1335   1347   1369   1411   1429   1440
           1448   1454   1462   1472   1477   1567   1578   1607   1611   1617
           1623   1659   1672   1732   1742   1753   1848   1854
32   72       1     19     42     71    105    132    146    156    160    230
            354    386    411    452    454    521    532    548    591    632
            647    648    650    651    657    701    705    706    719    768
            789    800    802    809    811    820    891    898    904    908
            911    914    918    921    932    933    955    962    972    992
           1007   1009   1018   1119   1156   1184   1213   1254   1269   1280
           1292   1296   1335   1448   1472   1567   1578   1623   1659   1672
           1687   1854
33   42       1     19     42    160    230    386    452    532    591    648
            650    651    705    706    789    802    809    811    820    835
            908    914    918    921    933    955    992   1018   1079   1095
           1119   1254   1269   1280   1292   1448   1567   1659   1687   1733
           1770   1845
34   22       1     19    160    386    648    651    820    835    914    918
            921    933   1079   1095   1119   1254   1280   1292   1687   1733
           1770   1845
